pi1 = 0.55;
pi2 = 0.45;
beta1 = 0.97;
beta2 = 0.94;
sigma1 = 1.2;
sigma2 = 1.4;
h1 = 0.55;
h2 = 0.35;
omega1 = 0.65;
omega2 = 0.45;
barF1 = 0.12;
barF2 = 0.22;
rho_y1 = 0.9;
rho_y2 = 0.85;
Rbar = 1.01;
pFbar = 1.0;
rho_r = 0.7;
rho_pf = 0.8;
sigma_r = 0.01;
sigma_pf = 0.02;
sigma_y1 = 0.02;
sigma_y2 = 0.02;
Y1bar = 1.0;
Y2bar = 0.8;
